    1     0.0000000000000000
    2     0.6931471805599453
    3     1.0986122886681098
    4     1.3862943611198906
    5     1.6094379124341003
    6     1.7917594692280550
    7     1.9459101490553132
    8     2.0794415416798357
    9     2.1972245773362196
   10     2.3025850929940459
   11     2.3978952727983707
   12     2.4849066497880004
   13     2.5649493574615367
   14     2.6390573296152584
   15     2.7080502011022101
   16     2.7725887222397811
   17     2.8332133440562162
   18     2.8903717578961645
   19     2.9444389791664403
   20     2.9957322735539909
